30 31 104
29 30 100
31 32 107
28 29 97
32 33 111
27 28 93
33 34 114
26 27 90
34 35 118
25 26 86
35 36 121
24 25 83
36 37 125
23 24 79
37 38 128
22 23 76
38 39 132
21 22 72
39 40 135
20 21 69
40 41 139
19 20 65
41 42 142
18 19 62
42 43 146
17 18 58
43 44 149
16 17 55
44 45 153
15 16 51
45 46 156
14 15 48
46 47 160
13 14 44
47 48 163
12 13 41
48 49 167
11 12 37
49 50 170
10 11 34
50 51 174
9 10 30
51 52 177
8 9 27
52 53 181
7 8 23
53 54 184
6 7 20
54 55 188
5 6 16
55 56 191
4 5 13
56 57 195
3 4 9
57 58 198
2 3 6
58 59 202
59 60 205
60 61 209
61 62 212
62 63 216
63 64 219
64 65 223
65 66 226
66 67 230
67 68 233
68 69 237
69 70 240
70 71 244
71 72 247
72 73 251
73 74 254
74 75 258
75 76 261
76 77 265
77 78 268
78 79 272
79 80 275
80 81 279
81 82 282
82 83 286
83 84 289
84 85 293
85 86 296
86 87 300
87 88 303
88 89 307
89 90 310
90 91 314
91 92 317
92 93 321
93 94 324
94 95 328
95 96 331
96 97 335
97 98 338
98 99 342
99 100 345
100 101 349
101 102 352
102 103 356
103 104 359
104 105 363
105 106 366
106 107 370
107 108 373
108 109 377
109 110 380
110 111 384
111 112 387
112 113 391
113 114 394
114 115 398
115 116 401
116 117 405
117 118 408
118 119 412
119 120 415
120 121 419
121 122 422
122 123 426
123 124 429
124 125 433
125 126 436
126 127 440
127 128 443
128 129 447
129 130 450
130 131 454
131 132 457
132 133 461
133 134 464
134 135 468
135 136 471
136 137 475
137 138 478
138 139 482
139 140 485
140 141 489
141 142 492
142 143 496
143 144 499
144 145 503
145 146 506
146 147 510
147 148 513
148 149 517
149 150 520
150 151 524
151 152 525
152 153 525
153 154 525
154 155 525
155 156 526
156 157 526
157 158 526
158 159 526
159 160 526
160 161 526
161 162 526
162 163 526
163 164 527
164 165 527
165 166 527
166 167 527
167 168 527
168 169 527
169 170 527
170 171 527
171 172 528
172 173 528
173 174 528
174 175 528
175 176 528
176 177 528
177 178 528
178 179 528
179 180 529
180 181 529
181 182 529
182 183 529
183 184 529
184 185 529
185 186 529
186 187 529
187 188 530
188 189 530
189 190 530
190 191 530
191 192 530
192 193 530
193 194 530
194 195 530
195 196 531
196 197 531
197 198 531
198 199 531
199 200 531
200 201 531
201 202 531
202 203 531
203 204 532
204 205 532
205 206 532
206 207 532
207 208 532
208 209 532
209 210 532
210 211 532
211 212 533
212 213 533
213 214 533
214 215 533
215 216 533
216 217 533
217 218 533
218 219 533
219 220 534
220 221 534
221 222 534
222 223 534
223 224 534
224 225 534
225 226 534
226 227 534
227 228 535
228 229 535
229 230 535
230 231 535
231 232 535
232 233 535
233 234 535
234 235 535
235 236 536
236 237 536
237 238 536
238 239 536
239 240 536
240 241 536
241 242 536
242 243 536
243 244 537
244 245 537
245 246 537
246 247 537
247 248 537
248 249 537
249 250 537
250 251 537
251 252 538
252 253 538
253 254 538
254 255 538
255 256 538
256 257 538
257 258 538
258 259 538
259 260 539
260 261 539
261 262 539
262 263 539
263 264 539
264 265 539
265 266 539
266 267 539
267 268 540
268 269 540
269 270 540
270 271 540
271 272 540
272 273 540
273 274 540
274 275 540
275 276 541
276 277 541
277 278 541
278 279 541
279 280 541
280 281 541
281 282 541
282 283 541
283 284 542
284 285 542
285 286 542
286 287 542
287 288 542
288 289 542
289 290 542
290 291 542
291 292 543
292 293 543
293 294 543
294 295 543
295 296 543
296 297 543
297 298 543
298 299 543
299 300 544
300 301 544
301 302 544
302 303 544
303 304 544
304 305 544
305 306 544
306 307 544
307 308 545
308 309 545
309 310 545
310 311 545
311 312 545
312 313 545
313 314 545
314 315 545
315 316 546
316 317 546
317 318 546
318 319 546
319 320 546
320 321 546
321 322 546
322 323 546
323 324 547
324 325 547
325 326 547
326 327 547
327 328 547
328 329 547
329 330 547
330 331 547
331 332 548
332 333 548
333 334 548
334 335 548
335 336 548
336 337 548
337 338 548
338 339 548
339 340 549
340 341 549
341 342 549
342 343 549
343 344 549
344 345 549
345 346 549
346 347 549
347 348 550
348 349 550
349 350 550
350 351 550
351 352 550
352 353 550
353 354 550
354 355 550
355 356 551
356 357 551
357 358 551
358 359 551
359 360 551
360 361 551
361 362 551
362 363 551
363 364 552
364 365 552
365 366 552
366 367 552
367 368 552
368 369 552
369 370 552
370 371 552
371 372 553
372 373 553
373 374 553
374 375 553
375 376 553
376 377 553
377 378 553
378 379 553
379 380 554
380 381 554
381 382 554
382 383 554
383 384 554
384 385 554
385 386 554
386 387 554
387 388 555
388 389 555
389 390 555
390 391 555
391 392 555
392 393 555
393 394 555
394 395 555
395 396 556
396 397 556
397 398 556
398 399 556
399 400 556
400 401 556
401 400 556
402 400 556
403 399 557
404 399 557
405 398 557
406 398 557
407 397 557
408 397 557
409 396 557
410 396 557
411 395 558
412 395 558
413 394 558
414 394 558
415 393 558
416 393 558
417 392 558
418 392 558
419 391 559
420 391 559
421 390 559
422 390 559
423 389 559
424 389 559
425 388 559
426 388 559
427 387 560
428 387 560
429 386 560
430 386 560
431 385 560
432 385 560
433 384 560
434 384 560
435 383 561
436 383 561
437 382 561
438 382 561
439 381 561
440 381 561
441 380 561
442 380 561
443 379 562
444 379 562
445 378 562
446 378 562
447 377 562
448 377 562
449 376 562
450 376 562
451 375 563
452 375 563
453 374 563
454 374 563
455 373 563
456 373 563
457 372 563
458 372 563
459 371 564
460 371 564
461 370 564
462 370 564
463 369 564
464 369 564
465 368 564
466 368 564
467 367 565
468 367 565
469 366 565
470 366 565
471 365 565
472 365 565
473 364 565
474 364 565
475 363 566
476 363 566
477 362 566
478 362 566
479 361 566
480 361 566
481 360 566
482 360 566
483 359 567
484 359 567
485 358 567
486 358 567
487 357 567
488 357 567
489 356 567
490 356 567
491 355 568
492 355 568
493 354 568
494 354 568
495 353 568
496 353 568
497 352 568
498 352 568
499 351 569
500 351 569
501 350 569
502 350 569
503 349 569
504 349 569
505 348 569
506 348 569
507 347 570
508 347 570
509 346 570
510 346 570
511 345 570
512 345 570
513 344 570
514 344 570
515 343 571
516 343 571
517 342 571
518 342 571
519 341 571
520 341 571
521 340 571
522 340 571
523 339 572
524 339 572
525 338 572
526 338 572
527 337 572
528 337 572
529 336 572
530 336 572
531 335 573
532 335 573
533 334 573
534 334 573
535 333 573
536 333 573
537 332 573
538 332 573
539 331 574
540 331 574
541 330 574
542 330 574
543 329 574
544 329 574
545 328 574
546 328 574
547 327 575
548 327 575
549 326 575
550 326 575
551 325 575
552 325 575
553 324 575
554 324 575
555 323 576
556 323 576
557 322 576
558 322 576
559 321 576
560 321 576
561 320 576
562 320 576
563 319 577
564 319 577
565 318 577
566 318 577
567 317 577
568 317 577
569 316 577
570 316 577
571 315 578
572 315 578
573 314 578
574 314 578
575 313 578
576 313 578
577 312 578
578 312 578
579 311 579
580 311 579
581 310 579
582 310 579
583 309 579
584 309 579
585 308 579
586 308 579
587 307 580
588 307 580
589 306 580
590 306 580
591 305 580
592 305 580
593 304 580
594 304 580
595 303 581
596 303 581
597 302 581
598 302 581
599 301 581
600 301 581
601 300 581
602 300 581
603 299 582
604 299 582
605 298 582
606 298 582
607 297 582
608 297 582
609 296 582
610 296 582
611 295 583
612 295 583
613 294 583
614 294 583
615 293 583
616 293 583
617 292 583
618 292 583
619 291 584
620 291 584
621 290 584
622 290 584
623 289 584
624 289 584
625 288 584
626 288 584
627 287 585
628 287 585
629 286 585
630 286 585
631 285 585
632 285 585
633 284 585
634 284 585
635 283 586
636 283 586
637 282 586
638 282 586
639 281 586
640 281 586
641 280 586
642 280 586
643 279 587
644 279 587
645 278 587
646 278 587
647 277 587
648 277 587
649 276 587
650 276 